3259400
3107270
2821760
2290190
2807240
2676410
2424480
3110690
3079600
679910
2834930
2271490
2730180
2606790
2279380
3241210
2693650
2441080
2982660
2553590
3191050
2594560
2563740
2219520
1332630
3035880
3115150
2949230
2391090
3014240
3041420
3213700
2784640
2775030
2012670
3124860
2375990
1699900
2427310
3127690
2570740
3069080
2213890
2718010
2822310
2821110
3066300
3066270
2972760
2238630
2250300
2411560
2381430
2125110
1955150
1292460
1639440
2998040
1952750
2874780
2751890
2908830
2149820
2508640
2846970
2726350
2803170
2728040
2834400
2748050
2509550
2295570
1983420
3103070
2689380
2805880
1953100
3119720
2904810
3082610
3147230
3000020
2319260
2639950
2924650
2534630
3012810
2818440
3033030
1386210
1285580
844580
726100
364900
3121620
2826540
3105620
3007130
2850920
3047740
2616630
2944670
3013070
2657230
2691790
2929530
1915690
2772900
2974740
2195970
2544300
2741230
2731750
2982480
2392000
2122860
2409540
2669910
2830910
2925170
2344060
2092730
2111190
3013980
2990580
1786820
2890130
2083320
2610710
2784770
2891900
2901080
2824400
2418870
2056310
1800390
2621690
2950000
2923220
2540820
2900760
2902640
2832630
2849010
2885990
2836530
2813250
1474050
2785750
2843410
1965760
1669600
1579680
2332120
1905210
1719150
1730280
1777020
2826700
1835470
1870400
1871260
2761130
2633860
2471390
2627600
2476330
2250180
2444290
1888880
2052150
1793580
1746700
2799110
2647300
2736950
2434290
2679710
2081090
2314950
2214000
2428100
2427790
1965430
1687740
1670830
2151490
2784940
2454980
2466900
2505070
2776180
2505210
2087460
1933370
1576080
1592490
1594480
1604630
1611100
1659530
1936990
2567620
2765600
2716690
2763810
2483370
2531910
2535370
2542550
2558940
2599580
2481190
2151370
2616590
2728460
2684010
1745560
2745610
2707960
2615810
1827560
1565560
1562140
1551680
1538990
1527350
1507580
1486070
2719730
1560880
1646520
1981230
1504210
2132860
1481860
1387650
1747760
1364490
1330990
1317240
1285270
1212030
1121510
953310
1064250
1085040
1101370
1030000
1902250
1063590
2724780
2575100
2477790
2325880
2089980
1172180
2695230
2521150
2640580
2561770
2509700
2058100
2614980
2703130
2656930
2203970
1673830
2693070
2621900
2301210
1820480
1976100
2620000
2485080
2421910
2668580
2147530
2351120
1942330
2516430
2368190
2636930
1034590
2173350
2363780
2606760
1534340
1086970
2200990
2445140
2303620
1613050
1566230
1522710
1348160
1401130
2195010
1722660
2250470
2592040
2446740
2118010
2020080
1757470
1691890
1677410
1652960
2590250
2547200
2613930
1484790
1824580
2186570
1954840
1918420
2488630
2420740
2348820
2607470
2306080
2560490
1870660
633080
723130
1755830
2547030
2496720
1405010
2576710
2125600
2326510
1555150
2206230
1952400
2079610
2545020
2222250
2485070
2524170
2490760
2442040
1895970
2280810
1917170
2399640
2206270
2449680
2472870
2489710
2116260
2240630
2448810
2316750
1970820
1941780
2112730
2314270
2466400
2255820
1686690
1770630
2131380
2189110
2112140
2253110
2274420
2390070
2411240
2372910
1819650
2339930
2119240
2017370
2437760
2463340
2418170
2454020
1501610
2453770
2312380
2193090
2450030
2252970
2408220
1398910
2402100
2279410
2026270
2402720
2400850
2104860
2011410
2089140
2279710
2228340
2379030
2158650
1752060
2363930
2150580
2231550
2112540
1932210
2166050
2052680
791760
2348850
2303950
2307890
544690
2260310
2110320
2106770
1955330
1867450
1806000
1752250
1501120
1180610
1596750
1446280
1473220
1613960
776280
1350650
2145490
1972740
1693610
2264200
2107060
1752840
1678910
2077940
1148710
1627330
1492150
624710
2132710
1977360
1798640
1753010
2306390
2177820
2262580
2287760
2204840
2193080
2213880
2238340
2158590
2230030
2246120
2170590
2250710
2235750
1942010
1786230
2165560
2242130
2082040
2170490
2165740
2222770
2208070
2226440
1599700
1868310
1937180
2193670
1775720
1907810
1907800
1907830
1899950
1269370
2143290
1907820
2161120
2065200
1599860
1610350
1373170
1034170
1622040
1627310
2131240
1882830
1060160
2171650
2176000
1965610
1305820
2135780
2182710
2181720
2158850
2183940
1758440
1991450
2063450
2151430
2167040
1424290
1906180
2157100
2159180
2173200
2058420
2151660
1846940
2118910
2087350
1903770
1715470
2129720
2067590
2118990
1609780
1999120
2105130
2125050
1920700
1716820
1281520
1583850
2003370
2150510
1473760
1816050
1787210
880870
1388350
2062820
1961490
2058370
2085600
2132090
2070190
1378800
2100840
1973320
2132190
1297270
2026290
2026280
2009930
2079500
2093900
1426540
2101710
1592110
2085800
1629530
1425760
1822010
1661640
1746660
2057300
1924590
1546640
1960330
1636730
1954020
1974320
1902020
2064950
1933060
1682450
1968110
2065090
1852530
2024840
1776930
2062920
1892210
1848120
1702220
1686470
1956400
1260590
1594370
1714420
1729600
1642820
1533090
1458620
1924380
1699120
1813190
1891350
2017890
1997070
1996710
1988600
2015500
1882780
1989560
1957560
2002700
2007000
1973350
1945170
1412850
2010110
1840860
1957240
1770230
1953970
1990400
1987030
1954050
1968600
1972830
1836280
1442750
1690740
1955380
1994430
1956140
1756500
1975730
1568130
1765310
1942890
1978010
1903780
1745640
1651030
1938180
1730110
1878570
1818080
1929330
1264050
1844640
1305150
1039100
1325040
1958750
1930040
1957100
1897000
1699690
1630800
1512320
1887530
1672780
831050
1921390
1859650
1990740
1550840
1476830
1485730
1593220
1593210
1792270
1717920
1825180
1947050
1874680
1875280
1932490
1830270
1961790
1853920
1944000
1768300
1826410
1885670
1942540
1817020
1958600
1897430
1935580
1555590
1622050
1838860
1850930
1860370
1880640
1668650
1794530
1736740
1928300
1897410
1919460
1623000
1918080
1916850
1702370
1662990
1453710
1905260
1901970
1920450
1862100
1867610
1821090
1669560
1808980
1877000
1772490
1871500
1829270
1335270
1684080
1704310
1787760
1812890
1796130
1882930
1874220
1891840
1879100
1207800
1889650
1410440
1779790
1431230
1797590
1847860
1853810
1588400
1861290
1677380
1808920
1802430
1855380
666170
1712950
1851850
1725880
1707630
1364290
1677080
1579710
1263160
1106860
865090
1824160
1399690
1638140
1799160
1807500
1755280
1720090
1796750
1803620
1860590
1857730
1745710
1513310
1731730
1835440
1792520
1518690
1745840
1775730
1767990
1652090
1373890
1376590
1843750
1827600
1676260
1834550
1834540
1503180
1825690
1837630
1836120
1845030
1825440
1699960
1468250
1846020
1830050
1569470
1681540
1809710
1807980
1602100
1775750
1836600
1750490
1683000
1831060
1820690
1639040
1729090
1837920
1774100
1553840
1795550
1331210
887880
725660
1809930
1652680
1422420
1783150
1477300
756890
1648230
1813340
1434440
1704980
1240790
1808860
1787160
1793240
1796630
1455020
1714070
1793380
1520610
1614340
1799060
1392690
1732930
1764970
1807930
1607040
1798970
1803490
1798540
1781880
1706190
1784220
1584540
1636910
1532260
1693200
1791460
1725660
1740760
1433870
1752610
1797610
1572230
1751700
1756340
1756330
1675270
1307880
1543520
1598210
1247160
1744460
1791870
1249680
1536260
1463420
1792230
1606670
1728960
1783090
1548430
1569540
1596270
1751780
1732140
1772180
1468430
1627360
1222380
1222390
1740420
1774700
1569520
1714300
1716950
1750690
1755570
1706810
1541410
1702450
1757570
1727310
1650670
1515800
1302220
1757560
1062110
1745800
1554600
584640
1413090
1746770
1636700
1642600
1637630
1635150
1732130
1534290
1663170
1606620
1711840
1575950
1674880
1716470
1731850
1520330
1475890
1590080
1744400
1616870
1630890
1738100
1710140
1653300
1632610
1606300
1566250
1328570
1655740
1144770
1469960
1694270
1712420
1617450
1693230
1507640
1471630
1436490
1726050
1598180
1623370
1541020
1728880
1688290
1642590
1587350
1589010
1578570
1559330
1542850
1689270
1625650
1527960
1692580
1712150
1522300
1184500
1535320
1545850
1484600
1463130
1568580
1620920
1600280
1664050
915310
760330
1452910
1716390
1721270
1305350
1720370
1690820
1712310
1658650
1696740
1692390
1606610
1652720
1703230
1661700
1683890
1697810
1648100
1661580
1673230
1681620
1543690
1542710
1468180
1653100
1677430
1660040
1665990
1500780
1655050
1576900
1629250
1383410
1645950
1581740
1338620
1570160
1656600
1581830
1620860
1652650
1653870
1610840
1504460
1615020
1187920
1627420
1546950
1600620
1646030
1636000
1618450
1640760
1635620
1578660
1583950
1267170
1341220
1518350
1599390
1622840
1629600
1502680
1561480
1592880
1547340
1593410
1592810
1499800
1127970
1157670
1530260
1590270
450860
1387980
1289490
1215520
1582850
1358610
1527510
1483940
1346250
1390390
1450650
920320
1491960
1556430
1576840
1519040
1427400
1476000
1595180
1578060
1472820
1550810
1270850
1533080
1449650
1526790
1573580
1561020
1601040
1563530
1599690
1600870
1593180
1559100
1559700
1495640
1410260
1406240
1564450
1185390
769230
1582090
1568330
778780
1564560
1434940
1522230
1588940
1467060
1467200
1460970
1457820
1452860
1452300
1444950
1213860
1180110
1490180
704920
1485580
1447640
1452900
1587190
1566620
1490490
1592340
1592370
1450310
1577280
1557430
1507180
1582950
1573760
1560940
1391250
1570750
1447330
1564550
1576600
1575860
1513580
1542860
1455230
1555080
1431450
1486030
1556350
1545700
1521600
1577260
1299790
1532830
1165960
829280
1542840
1037130
1529860
1222570
1554460
1364580
1556040
1499660
1556250
1453010
1179460
1538040
1550050
1555580
1546630
1522850
1501410
1472810
1554550
1550100
1114520
922820
1383280
1548270
1517350
1426980
1453400
1529770
1460310
1105960
1231100
1501100
1448230
1020310
1513110
1485050
1489400
1524690
1252850
1178000
1365930
1517490
1439100
1264140
1441850
1528580
1509750
1401750
1528050
1399670
1147240
1486800
1292240
449120
1297240
1507740
1505770
1461570
1342890
1479540
1494530
1501650
1422820
1369980
1459570
1500350
1494680
1492570
1493590
1483040
1486170
1279920
1447600
1248550
1494570
1329790
1475350
1489150
1375640
1483800
1385590
1456710
1401990
1481140
1389130
1365140
1287540
1428790
1425550
1420540
1427480
1464350
1422880
1438440
1439710
1458530
1471490
677810
1453140
1427620
1370170
1300060
1430340
1426230
1433830
1439800
708550
1413560
1451560
1336790
1451300
1342900
1373600
1143900
985000
840010
724980
562310
565190
1277130
1298140
1262040
1151250
1232810
1351250
1417720
1299750
1444090
1286670
1382380
1217610
1330730
1433430
1415140
1339080
1283740
1429480
1388260
1332040
883780
1417230
914440
1398290
1373710
1373700
1366940
1392760
1402060
1414680
1417540
1410210
1399660
1206380
1404190
1307090
1406110
1263200
1375760
1358730
552480
1248710
1293520
1383050
1355510
1397540
1361760
1395560
1019910
1363390
1391400
1162280
1364430
1385760
1280640
1373740
1375000
1349000
1350480
1348920
1298820
1373760
1373750
1371940
1348430
1294780
1343410
1366810
1342850
681640
1216590
1283800
1342730
1214980
1307240
1330550
1350280
1337080
1334300
1268100
1335910
1333050
1230840
1343700
1338980
1302090
1342640
1315250
1284550
1303660
1261660
1278110
1332540
1184010
1074390
1043870
1328830
1285820
1328050
1280970
1269240
1266390
1322540
1208950
602070
1179110
1227000
1168870
1237760
1282710
1234620
1309130
1205540
1304170
1284430
1292050
1220200
1292920
1292250
1261700
1261670
1287420
1282880
1199170
1178140
1273020
1253720
1262120
1247400
1222240
1212450
1201630
1252250
1231130
1243150
1003190
1278960
1025460
1265260
1276040
1066890
1257720
1147170
1052100
1213650
1222640
1255130
1229500
1218020
1251770
1199900
1199780
1119940
1203780
1248730
1203570
1201810
1172510
1172520
1143140
1193430
1239260
1227600
1149930
1221640
915850
1224470
1233540
1204470
1153980
619320
794350
1154290
768460
1208490
956310
1199770
1203460
1027930
937050
1068420
1201620
1090790
1137400
1088060
1201800
1163990
659060
1184530
1199660
849210
1159880
1180940
1135480
1180550
1190980
909100
787790
1158500
1165820
1181000
1170030
1146090
1125450
1102750
1134260
1168660
748970
1042980
1042990
1043000
1108540
1108550
1143350
1145410
1172500
1172530
1170110
1118730
700100
1158290
802040
1018270
1054470
1012530
1026910
916470
995160
1105890
755820
909270
1145020
732670
674380
1085630
958680
1061970
1111420
410830
1135730
1138810
1114910
863580
539010
832990
1149830
1136470
1117880
1116180
1018700
1125860
1140060
1130590
673140
1079200
1102880
940910
1083810
681290
1063570
1120340
682820
907760
1075910
742510
952290
516820
1099960
1046750
1114530
868370
609110
1092180
1095320
1069290
1082650
1072870
938360
995270
1074620
994500
1086160
565180
1079210
897770
872340
1029980
1062210
1077430
1067100
1007970
1058550
1062470
1037690
965240
969450
400080
963280
1023260
1017650
911950
1043610
1018960
1036490
762560
1026400
714250
945390
748310
950300
950510
1011760
1013680
652610
773590
744270
912420
1005250
984880
971280
945340
995700
856730
795920
852110
964170
971460
955540
967960
811450
699570
940350
925900
967100
512160
809870
940330
979360
835130
768590
937530
771680
930110
872990
897880
921090
792820
654750
749830
663920
814590
976120
922220
843660
688620
833360
939580
937130
938520
917550
915960
895550
882460
891470
886310
869340
632050
917290
777880
956280
947290
829370
842270
853590
795110
912770
630720
869580
868510
815660
831100
870100
767910
884260
887300
626160
598600
913710
874200
886600
905560
872380
825110
878180
699510
816280
577530
898450
673000
869080
752600
512070
865800
684680
863490
729660
807050
771500
866180
802740
547870
690140
521620
839850
869030
858870
827940
389140
790840
850740
757490
855850
732810
841140
830360
819330
788190
739290
618140
701960
750870
664630
673010
833540
742530
447850
772500
713430
661110
346500
669960
819560
407050
753240
800310
726070
711930
769110
756560
778230
647280
817200
809500
814300
790290
680860
704990
697870
718180
676000
612390
717060
750820
697850
608630
721420
686610
767870
684230
696490
671810
714240
701470
754120
640380
595440
718730
723880
682810
660170
585830
726820
724130
626170
696140
744280
656910
741500
549100
617350
508200
607400
652600
578690
615490
655910
670850
631540
640970
391180
349790
613970
636150
618510
544680
603250
569290
416000
596810
601810
566490
624690
620310
614880
613040
600530
589300
582440
537380
510730
516480
576540
507340
572180
572010
586350
579230
557260
575580
557040
527800
568200
562360
509850
453780
556680
435010
522890
548720
528430
513370
502100
542880
532470
496640
546090
496540
448110
503490
539720
536040
529630
530370
527340
500740
515570
488960
496390
494120
493820
498830
498660
503050
393200
502250
389010
494700
490230
450850
485450
485440
371650
461390
452320
453770
485570
485560
475240
470450
437100
449220
413500
429350
389170
455640
370770
431600
443530
448070
434230
428550
444940
438480
433570
432500
425300
406310
397320
403980
422210
350800
407300
391120
406090
403230
392720
389460
393950
372380
383560
384550
373120
358650
344130
371000
382490
364050
319480
377600
365080
349060
341700
339820
352620
352950
369640
246880
349980
251130
273840
273750
359800
339160
320820
357070
332630
330350
296030
343360
297120
332480
291270
313020
307560
34920
293180
263980
252010
264220
302790
231740
288650
33680
318220
296870
303390
327210
232950
34900
300280
314360
3055120
842750
2007350
1858120
3087680
3168390
1903560
1746710
2624360
3815470
3266530
2177880
4025460
2582710
3517180
1994000
2594980
2661640
2172190
2217740
3855040
2380940
3027470
2615750
3416370
1526890
2651820
3087650
2555570
3257150
2671450
3688510
2145190
2756910
2725840
1918270
4178250
1418310
3368680
1948690
2895750
3590590
3254910
3560050
2574020
2250250
1643670
2136020
2334400
149960
533440
3887130
3046050
3406330
2443520
142684
1418460
2474640
3725390
3144440
3897990
2821830
2667990
1983620
3985780
2269380
2435270
3744300
1771520
3143310
2070550
2464490
2524720
1085790
1484820
4288400
2906280
2093640
3069810
2099080
2349100
3632670
2136060
3197890
3210930
4239080
2286280
1795630
3284260
3940800
2158750
3336160
4211390
1676050
4117660
3525610
3445970
2190920
1950770
1644840
2601920
2341450
3964560
3006830
4133020
2560260
2560530
2892590
2577550
2809300
3337980
2720000
3708250
670250
2114640
1579650
2768030
2100410
4235380
3709180
1619660
2695720
1923540
2257830
3040180
3543070
2594860
2410030
3363560
2810730
3263260
2300660
3621200
1726890
4227270
3303780
2352630
3852760
2110430
1706960
4156730
2408060
2683960
3073240
4130950
2090890
2430680
2443900
3692710
3008640
2633630
3187180
2439640
3454130
2194910
3336670
2000490
2726360
3268720
4299370
1969080
2835430
2886490
3715040
2901140
2083410
2663620
3897620
3445540
3940180
746210
4263180
2149240
3434710
3534130
1357320
3235170
4227750
4270580
1564060
3450120
3974110
3604520
2582360
3825350
2264580
2952190
3349020
4119480
1729140
4222760
3024710
1779910
2619770
3021850
3488640
1817000
4031700
2657360
1768210
2345540
2671320
2586000
2411250
3203130
4260600
2146610
3179860
3047820
3472140
2720720
2221390
2736480
3159140
2461980
2275150
2777580
1942390
2188440
3372420
2506690
2322070
3166200
3375420
3195840
4230650
1831830
2437550
3184640
3055290
1961500
1961160
3497690
1729170
2923200
2876150
2594470
4098230
1437790
3780630
2610090
3335980
3039980
2017120
1075880
3069260
2107580
2661470
1651540
3876390
3307350
4246300
3189950
2679070
3141340
2430820
2601540
2130300
3278230
3200200
3327590
2754280
2625970
3582540
2178280
4194840
2185990
2197330
3950070
4076180
2546750
2069330
2832650
1971740
2683290
1974540
2660400
3685410
2761270
1922510
2210670
1059980
3459390
2480000
1740310
2261100
3094650
1750440
1686230
3066430
3023020
4125010
2298620
2633460
2066020
2713380
3661580
3694990
3461130
2352010
2097130
2373600
2887850
2993420
2668590
3599920
2137760
3200690
3749960
3040270
2832510
2475670
2725950
1915870
3361480
2385630
4252880
2832300
2179170
2483440
3491530
1950330
3040170
1899550
3424010
2826590
2555760
2239340
3784310
2526880
2322300
703465
2201660
1472970
1716810
4197060
2606300
4150100
3497280
3355100
4001100
3646390
2613940
2308000
2331920
3673060
3172160
3522230
2641180
3952330
2360690
2660980
3339180
3805150
3985760
3581220
3560830
2673390
4195410
2146300
3233190
2661730
2717850
2808870
3327410
4006300
2457640
2555830
2147620
3379110
2820850
3682920
2773700
2775430
1947580
2191280
2807600
2464880
2811200
1138910
4248060
2807550
2834690
2234420
2568650
3175310
2868720
3869460
1449780
1409360
3017410
3655290
1658090
2090160
2260530
2939900
3075450
2272430
3810680
3693050
4187910
4095860
3028840
1785370
2118110
3266910
2141740
2101100
3095890
3163560
3441350
4217210
3198640
4033330
1887210
2690730
3186200
2435410
4251060
4342560
3271250
2445910
3484800
1919550
3819610
3960940
3849020
3449040
3457780
2190320
2871520
2810220
3499910
3753090
2560460
2892130
3772140
3002550
3152150
4054660
3930510
3661830
726980
3666000
3226660
1985610
2588280
4060720
2596930
4072340
2296120
2401280
2065280
3036280
285040
2439460
2777590
3073820
2368470
3421310
2711650
3638080
2546160
2136220
4211460
3595460
3228210
3417690
2963280
3291850
3346420
4265390
3510060
3377720
1725640
4005290
2881670
1974550
4133410
3076740
2602270
2636410
1754250
3726730
2339330
3345950
1573560
2988380
3715790
2948680
2260170
2933380
2780690
2271380
2389560
1935420
4297170
2612320
3863510
3252420
2328410
1825040
2357450
3971000
2660650
4260550
3201780
3709380
4332830
4219890
3764970
236854
3729550
2155320
3719580
3862670
3873660
3512750
2184430
2596720
1782460
3554370
2553040
4148880
2245640
3049910
3933710